; 15 TWEAKED-HARD

; Bob Edit 05-10-2019

[LevelName]
Cash Me Outside!

[LevelMusic]
Sneaky Snitch.ogg

[WillyDieSound]
splat-3.wav

[BackgroundColour]
CUSTOM:0:0:0

[BorderColour]
DARKGREENCOLOUR

[SpriteSet]
14

[ExitBlock]
14


[LevelData]
33333333033333330333333333333333
30050000000000000000000000000003
30000000000000000000000900000003
3ABD0000777777777777777223443223
3BBD0000500000000005000003443023
33331100000000000000000000006023
30000000000090000000000000006023
30000012000012000000000000006023
30000400400000000012000000906023
39000000000000000000000001205023
34400000000012000000000000000023
30000000000000000009000012000023
30007777000000000012000000000023
30000000000012000000000000093DD3
30000000000000000000000000033003
33333333333333333333333333333333


[StickyConveyor]
0


[Switches]
GoldBlockSwitch1.png,	30, 1, 0, Switch1, OpenTrapDoor, 30:14:31:14
GoldBlockSwitch2.png,	30,14, 0, Switch2, OpenTrapDoor,  4: 4: 4: 5

[Actors]
GoldCrush.png,    7, 0, 1,  7, 0,  7, 0,  8, 0,17, 4,1,8,8, 8,4
;GoldCrush.png,  11, 0, 5, 11, 0, 11, 0,  8, 0,17, 4,1,8,8, 8,4
GoldCrush.png,   15, 0, 1, 15, 0, 15, 0,  8, 0,17, 4,1,8,8, 8,4

VaultD.png,      9, 5, 2,  9, 4,  9,11,  0, 2, 3, 1,1,1,1, 4,4
VaultP.png,     15, 8, 3, 15, 4, 15,13,  0, 2, 3, 1,1,1,1, 4,4
VaultE.png,     21,10, 1, 21, 4, 21,11,  0, 2, 3, 1,1,1,1, 4,4
BlueCheque.png,  4,13, 2,  1,13, 10,13, 16, 0, 5, 1,1,1,1, 4,4
BlueCheque.png, 17,13, 3, 17,13, 25,13, 16, 0, 5, 1,1,1,1, 4,4


[HeroStart]
WillyMask.png,   2,13,1,16,2,4,16
;MinerWilly.png,   22,1,1,16,2,4,16

[ReplayData]
210H20B50N50j50^70:80n90Z:00<0I<0X<01>08>0a?0E@0Y@0PB0dB00D0jD0XE0bL06M0jM0>P0bP0@S0QS0HU0RU0VY04Z0EZ0d[0@b0Ib00g0ag0hg0ii0Hj0Ao0U21i21H51R51f51:61@61Y61U81
