; 16 TWEAKED-HARD

; Bob Edit 26-09-2019

[LevelName]
(Not So) Sweet Sixteen

[LevelMusic]
Mirrorball-e.ogg

[WillyDieSound]
splat-3.wav

[BackgroundColour]
CUSTOM:20:0:40

[BorderColour]
CUSTOM:30:0:60

[SpriteSet]
15

[ExitBlock]
8


[LevelData]
30000500000009000000000000000003
39000200000000000060000000000093
30000000000000000020000000006003
30000000000000000000000000002003
30000000000000000000000000000003
340000200033AB300000002000001113
300000000003BB330000000000000003
30002000000300333000090011114443
30000000000344333300000000000003
3EEE7777777309333377777711110003
30000000000344333300000000000003
30000000009300333000000000200003
34411111113344330000000000000903
30000000000000000000020000044443
30005500000000000000000566500563
33333333333333333333333333333333


[Switches]
BobSwitchPullPurple.png,	17,11, 0, Switch1, OpenTrapDoor, 2:10:3:10:4:10


[Actors]
;Gift.png, 	          1, 0, 1, 1,  0, 1,  3,  0, 2, 2, 1,1,1,1, 8, 8, Satellite
;Gift.png, 	         11, 3, 1, 11, 3, 11, 3,  0, 2, 2, 1,1,1,1, 8, 8, Satellite
Gift.png, 	 		   21, 0, 1, 21, 0, 21, 3,  0, 2, 2, 1,1,1,1, 8, 8, Satellite

ThingTeal.png,       26, 5, 1, 24, 5, 26, 5, 16, 0, 6, 4,1,8,8, 8, 4
ThingRed.png,        20, 7, 3, 18, 7, 22, 7, 16, 0, 5, 4,1,8,8, 8, 4
ThingYellow.png,      5,10, 2,  3,10,  9,10, 16, 0, 4, 4,1,8,8, 8, 4	
ThingGreen.png,      15,13, 5,  6,13, 19,13,-16, 0, 4, 4,1,8,8, 8, 4


[HeroStart]
WillyHair.png,   1,13, 3, 16,2, 4, 16
;MariaFull.png,   4,13,1,16,2,4,16


[ReplayData]
R20H30140X40I50m50\60n60R80f90J:06<0j<0>>0b>0Q@0eA09B0eC0DD0ND0<F0`F0JI0^I0:J0nK0BL0FN0RN0PP0YP0=Q0IQ0`Q0JR00T0jV0NZ0bZ06\0R\00_0Q_0@`0J`0X`0Ja0^a0:b0hb01c0ec0Qd0Pe0\e0Xf02g08h0Ji08j0Tj0Ql0@n0Bo0^o0201X01i01`21941H41Y51561Y61U91a918<19>1E>1Q>1
